1 0.5546875 0.6546875 0.1953125 0.67578125
1 0.7578125 0.665625 0.234375 0.57421875
1 0.946875 0.5 0.09765625 0.1640625
1 0.29296875 0.63359375 0.1953125 0.57578125
1 0.0859375 0.5875 0.1640625 0.59765625
1 0.4234375 0.58984375 0.12109375 0.546875
1 0.8890625 0.50390625 0.05078125 0.1484375
1 0.225 0.40625 0.05859375 0.09375
1 0.3609375 0.34375 0.05859375 0.1171875
1 0.209375 0.4046875 0.02734375 0.08984375
1 0.29296875 0.4 0.0703125 0.09765625
1 0.0453125 0.53125 0.08984375 0.4453125
1 0.8359375 0.50390625 0.15625 0.1484375
1 0.38125 0.56640625 0.10546875 0.5625