0 0.83046875 0.35546875 0.1078125 0.18125
0 0.66484375 0.375 0.09453125 0.13671875
0 0.41796875 0.40859375 0.1921875 0.21484375
0 0.565625 0.415625 0.02578125 0.16171875
0 0.671875 0.4578125 0.11953125 0.13984375
0 0.62578125 0.4828125 0.1109375 0.12265625
0 0.96796875 0.5171875 0.0640625 0.23125
0 0.4140625 0.5203125 0.14453125 0.18671875
0 0.7765625 0.5328125 0.12734375 0.20625
0 0.66171875 0.6515625 0.128125 0.2375
0 0.84296875 0.65546875 0.1390625 0.13984375
0 0.95390625 0.7515625 0.0921875 0.17578125