0 0.2765625 0.14609375 0.053125 0.19140625
0 0.2328125 0.203125 0.0515625 0.12265625
0 0.165625 0.32890625 0.0765625 0.1859375
0 0.22265625 0.3296875 0.06484375 0.1359375
0 0.3921875 0.39296875 0.05390625 0.103125
0 0.28828125 0.428125 0.1109375 0.14453125
0 0.08046875 0.44453125 0.1609375 0.3125
0 0.48828125 0.48359375 0.05390625 0.1359375
0 0.4125 0.5015625 0.08515625 0.1078125
0 0.39140625 0.5609375 0.08046875 0.11640625
0 0.0265625 0.11484375 0.04296875 0.20546875
0 0.4453125 0.11640625 0.05859375 0.2328125