0 0.85546875 0.409375 0.11640625 0.14140625
0 0.68984375 0.44453125 0.0546875 0.1890625
0 0.52109375 0.5515625 0.05 0.0859375
0 0.39921875 0.58203125 0.08125 0.15859375
0 0.0625 0.5921875 0.125 0.23125
0 0.70625 0.615625 0.096875 0.103125
0 0.21953125 0.62890625 0.090625 0.1359375
0 0.3734375 0.64453125 0.0484375 0.171875
0 0.6953125 0.646875 0.040625 0.171875
0 0.1546875 0.65703125 0.0734375 0.1640625
0 0.53671875 0.6875 0.159375 0.2640625
0 0.32578125 0.6984375 0.0625 0.196875
0 0.25625 0.73359375 0.1046875 0.171875