0 0.5640625 0.15546875 0.0453125 0.0953125
0 0.646875 0.20703125 0.04453125 0.115625
0 0.8390625 0.525 0.0484375 0.1265625
0 0.353125 0.55859375 0.03359375 0.1078125
0 0.8453125 0.62421875 0.0453125 0.08515625
0 0.75703125 0.6875 0.03828125 0.0671875
0 0.8296875 0.71796875 0.0578125 0.1
0 0.76875 0.75390625 0.0375 0.13671875
0 0.70390625 0.7859375 0.0421875 0.071875
0 0.8734375 0.8328125 0.04453125 0.12734375
0 0.70703125 0.8515625 0.04453125 0.11640625
0 0.8484375 0.90625 0.0484375 0.10546875
0 0.81484375 0.95546875 0.053125 0.084375