0 0.56328125 0.1546875 0.0453125 0.0953125
0 0.64765625 0.20625 0.0453125 0.11484375
0 0.8390625 0.52421875 0.04765625 0.1265625
0 0.3515625 0.559375 0.03359375 0.10859375
0 0.84375 0.62421875 0.0453125 0.0859375
0 0.7578125 0.68671875 0.03828125 0.06796875
0 0.82890625 0.7171875 0.0578125 0.1
0 0.76796875 0.75390625 0.03671875 0.13671875
0 0.70234375 0.78671875 0.0421875 0.071875
0 0.87421875 0.8328125 0.04453125 0.128125
0 0.70859375 0.8515625 0.04453125 0.11640625
0 0.8484375 0.90546875 0.04765625 0.10546875
0 0.8140625 0.95703125 0.05 0.08515625