0 0.85546875 0.39765625 0.0953125 0.12734375
0 0.69140625 0.45234375 0.07109375 0.1890625
0 0.51953125 0.54921875 0.10078125 0.103125
0 0.3421875 0.60078125 0.05390625 0.16328125
0 0.728125 0.60625 0.07109375 0.1359375
0 0.0515625 0.61328125 0.103125 0.240625
0 0.396875 0.6234375 0.05390625 0.17578125
0 0.13671875 0.625 0.0953125 0.14453125
0 0.225 0.65 0.0953125 0.12265625
0 0.7 0.6625 0.04453125 0.17578125
0 0.5296875 0.6875 0.165625 0.21171875
0 0.34453125 0.70234375 0.05859375 0.203125
0 0.25625 0.7203125 0.1234375 0.1671875