0 0.85546875 0.396875 0.09453125 0.128125
0 0.690625 0.453125 0.071875 0.1890625
0 0.51875 0.5484375 0.1015625 0.103125
0 0.3421875 0.6015625 0.0546875 0.1640625
0 0.7265625 0.60703125 0.071875 0.1359375
0 0.0515625 0.61015625 0.103125 0.2390625
0 0.3984375 0.6234375 0.0546875 0.175
0 0.1375 0.625 0.0953125 0.14453125
0 0.2265625 0.65 0.0953125 0.121875
0 0.69921875 0.6625 0.0453125 0.175
0 0.53046875 0.6859375 0.165625 0.2109375
0 0.34453125 0.7015625 0.059375 0.203125
0 0.2578125 0.71953125 0.1234375 0.16640625